start=2513.928000
volume=130.000000
