start=2132.520000
volume=130.000000
