start=331.956622
volume=130.000000
fullscreen=yes
